observationTimeUtc,airTemperature,feelsLikeTemperature,windSpeed,windGust,windDirection,cloudCover,seaLevelPressure,relativeHumidity,precipitation,conditionCode
2022-05-01 00:00:00,0.7,0.7,1.0,1.3,15,38.0,1025.3,77,0.0,variable-cloudiness
2022-05-01 01:00:00,0.3,0.3,0.4,0.6,211,88.0,1025.4,79,0.0,cloudy
2022-05-01 02:00:00,-0.1,-0.1,0.5,0.7,90,88.0,1025.3,80,0.0,cloudy
2022-05-01 03:00:00,-0.3,-0.3,0.6,0.9,51,50.0,1025.1,84,0.0,variable-cloudiness
2022-05-01 04:00:00,0.4,0.4,1.1,1.3,160,0.0,1025.0,82,0.0,clear
2022-05-01 05:00:00,3.5,3.5,0.9,1.5,175,0.0,1024.7,70,0.0,clear
2022-05-01 06:00:00,7.7,7.7,1.5,2.9,125,0.0,1024.3,54,0.0,clear
2022-05-01 07:00:00,10.7,10.7,2.1,4.6,119,38.0,1024.0,32,0.0,variable-cloudiness
2022-05-01 08:00:00,12.0,12.0,2.8,5.1,135,100.0,1023.6,31,0.0,cloudy
2022-05-01 09:00:00,12.8,12.8,2.2,4.6,202,100.0,1022.9,30,0.0,cloudy
2022-05-01 10:00:00,13.7,13.7,2.7,5.1,159,100.0,1022.4,27,0.0,cloudy
2022-05-01 11:00:00,14.8,14.8,1.4,4.5,249,100.0,1021.7,26,0.0,cloudy
2022-05-01 12:00:00,14.6,14.6,2.9,5.6,218,88.0,1021.3,27,0.0,cloudy
2022-05-01 13:00:00,14.0,14.0,2.2,5.4,258,100.0,1021.1,29,0.0,cloudy
2022-05-01 14:00:00,13.5,13.5,1.6,2.7,335,100.0,1020.4,33,0.0,cloudy
2022-05-01 15:00:00,13.9,13.9,1.1,3.5,61,100.0,1019.7,34,0.0,cloudy
2022-05-01 16:00:00,13.5,13.5,1.4,2.7,330,100.0,1019.4,35,0.0,cloudy
2022-05-01 17:00:00,12.5,12.5,1.2,2.9,302,100.0,1019.6,41,0.0,cloudy
2022-05-01 18:00:00,11.4,11.4,2.7,5.5,198,100.0,1019.7,52,0.0,light-rain
2022-05-01 19:00:00,10.5,10.5,1.1,1.6,109,100.0,1019.8,61,0.0,light-rain
2022-05-01 20:00:00,9.4,9.4,0.9,1.8,335,100.0,1019.8,72,0.1,rain
2022-05-01 21:00:00,8.7,8.7,0.5,1.0,257,100.0,1019.5,78,0.0,cloudy
2022-05-01 22:00:00,7.1,7.1,0.7,1.0,262,13.0,1019.4,88,0.0,partly-cloudy
2022-05-01 23:00:00,5.8,5.8,0.4,0.6,84,0.0,1019.3,91,0.0,clear
2022-05-02 00:00:00,4.7,4.7,0.3,0.6,336,0.0,1019.2,91,0.0,clear
2022-05-02 01:00:00,3.6,2.1,1.7,2.6,266,0.0,1019.0,94,0.0,clear
2022-05-02 02:00:00,3.7,3.7,1.2,1.9,257,0.0,1018.9,91,0.0,clear
2022-05-02 03:00:00,3.1,1.8,1.5,2.3,283,0.0,1018.9,91,0.0,clear
2022-05-02 04:00:00,3.8,3.8,1.0,1.6,311,0.0,1019.1,89,0.0,clear
2022-05-02 05:00:00,3.3,1.1,2.3,3.5,312,38.0,1019.1,93,0.0,fog
2022-05-02 06:00:00,3.3,1.2,2.2,3.5,297,100.0,1019.2,97,0.0,fog
2022-05-02 07:00:00,4.1,2.1,2.2,4.1,291,100.0,1019.4,94,0.0,mist
2022-05-02 08:00:00,6.0,6.0,1.7,3.8,279,88.0,1019.4,83,0.0,cloudy
2022-05-02 09:00:00,9.0,9.0,2.3,4.3,305,0.0,1018.8,68,0.0,clear
2022-05-02 10:00:00,10.8,10.8,2.6,4.4,287,0.0,1018.3,59,0.0,clear
2022-05-02 11:00:00,12.5,12.5,2.4,4.9,296,0.0,1017.7,54,0.0,clear
2022-05-02 12:00:00,13.4,13.4,2.0,4.6,325,25.0,1017.0,48,0.0,partly-cloudy
2022-05-02 13:00:00,13.7,13.7,2.7,5.2,281,13.0,1016.3,39,0.0,partly-cloudy
2022-05-02 14:00:00,13.2,13.2,2.8,4.7,279,38.0,1016.0,39,0.0,variable-cloudiness
2022-05-02 15:00:00,14.0,14.0,2.3,4.3,306,13.0,1015.2,39,0.0,partly-cloudy
2022-05-02 16:00:00,13.1,13.1,2.3,3.7,287,63.0,1014.8,42,0.0,cloudy-with-sunny-intervals
2022-05-02 17:00:00,12.5,12.5,2.8,4.9,260,25.0,1014.5,45,0.0,partly-cloudy
2022-05-02 18:00:00,11.1,11.1,1.7,3.0,267,0.0,1014.5,50,0.0,clear
2022-05-02 19:00:00,9.6,9.6,1.7,2.7,265,0.0,1014.5,55,0.0,clear
2022-05-02 20:00:00,7.6,7.6,1.7,2.7,250,0.0,1014.4,63,0.0,clear
2022-05-02 21:00:00,7.6,7.6,1.7,2.6,262,0.0,1014.4,60,0.0,clear
2022-05-02 22:00:00,5.5,5.5,0.9,1.8,250,0.0,1014.1,68,0.0,clear
2022-05-02 23:00:00,3.1,3.1,1.3,1.6,185,0.0,1013.9,84,0.0,clear
2022-05-03 00:00:00,1.9,0.4,1.5,1.9,203,0.0,1013.6,89,0.0,clear
2022-05-03 01:00:00,1.7,-0.2,1.8,2.4,190,0.0,1013.3,90,0.0,clear
2022-05-03 02:00:00,1.1,1.1,1.3,1.7,156,0.0,1012.9,89,0.0,clear
2022-05-03 03:00:00,0.4,-1.9,1.9,2.3,153,0.0,1012.4,91,0.0,clear
2022-05-03 04:00:00,2.1,2.1,1.4,2.0,150,0.0,1012.2,85,0.0,clear
2022-05-03 05:00:00,6.0,6.0,1.4,2.3,188,0.0,1011.9,73,0.0,clear
2022-05-03 06:00:00,9.7,9.7,2.9,4.9,240,0.0,1011.3,49,0.0,clear
2022-05-03 07:00:00,11.9,11.9,3.5,7.4,283,13.0,1011.5,43,0.0,partly-cloudy
2022-05-03 08:00:00,12.2,12.2,5.2,9.3,277,75.0,1011.5,42,0.0,cloudy-with-sunny-intervals
2022-05-03 09:00:00,12.9,12.9,4.0,8.6,287,88.0,1011.5,45,0.0,cloudy
2022-05-03 10:00:00,13.0,13.0,3.4,5.9,304,88.0,1011.5,46,0.0,cloudy
2022-05-03 11:00:00,13.2,13.2,4.0,6.9,275,100.0,1011.4,49,0.0,cloudy
2022-05-03 12:00:00,13.2,13.2,5.3,8.9,281,63.0,1011.4,47,0.0,cloudy-with-sunny-intervals
2022-05-03 13:00:00,12.6,12.6,4.8,9.2,321,100.0,1011.9,52,0.0,cloudy
2022-05-03 14:00:00,8.2,8.2,2.4,4.4,326,100.0,1012.8,88,0.4,light-rain
2022-05-03 15:00:00,9.5,9.5,2.3,4.3,276,100.0,1012.6,78,0.0,rain
2022-05-03 16:00:00,9.7,9.7,2.1,3.9,267,100.0,1012.8,74,0.0,cloudy
2022-05-03 17:00:00,9.8,9.8,2.7,5.6,270,100.0,1012.8,68,0.0,cloudy
2022-05-03 18:00:00,8.6,8.6,2.2,3.8,292,25.0,1013.5,70,0.0,partly-cloudy
2022-05-03 19:00:00,8.1,8.1,2.7,5.3,352,13.0,1014.6,63,0.0,partly-cloudy
2022-05-03 20:00:00,6.4,6.4,3.2,6.2,347,0.0,1015.8,54,0.0,clear
2022-05-03 21:00:00,4.9,1.6,4.2,9.0,351,0.0,1017.0,45,0.0,clear
2022-05-03 22:00:00,3.2,1.1,2.2,5.1,346,0.0,1017.7,45,0.0,clear
2022-05-03 23:00:00,1.9,0.1,1.7,3.4,334,0.0,1018.5,51,0.0,clear
2022-05-04 00:00:00,0.7,0.7,1.4,2.9,319,0.0,1019.1,58,0.0,clear
2022-05-04 01:00:00,0.1,0.1,1.1,2.1,337,0.0,1019.7,64,0.0,clear
2022-05-04 02:00:00,-1.0,-1.0,0.8,1.9,315,0.0,1020.3,72,0.0,clear
2022-05-04 03:00:00,-0.9,-0.9,1.3,3.2,323,0.0,1021.0,74,0.0,clear
2022-05-04 04:00:00,0.4,-1.5,1.6,3.6,339,0.0,1021.7,70,0.0,clear
2022-05-04 05:00:00,2.1,-0.6,2.6,4.6,340,0.0,1022.1,62,0.0,clear
2022-05-04 06:00:00,4.4,1.9,2.8,6.1,13,0.0,1022.5,52,0.0,clear
2022-05-04 07:00:00,5.6,5.6,4.1,7.9,354,0.0,1022.9,43,0.0,clear
2022-05-04 08:00:00,7.2,7.2,2.9,6.4,357,0.0,1023.1,37,0.0,clear
2022-05-04 09:00:00,8.2,8.2,4.0,7.2,13,0.0,1023.3,33,0.0,clear
2022-05-04 10:00:00,8.8,8.8,3.2,7.0,352,13.0,1023.0,31,0.0,partly-cloudy
2022-05-04 11:00:00,9.8,9.8,5.0,9.7,329,13.0,1022.9,27,0.0,partly-cloudy
2022-05-04 12:00:00,10.5,10.5,1.9,5.7,320,38.0,1022.6,27,0.0,variable-cloudiness
2022-05-04 13:00:00,10.3,10.3,2.9,6.5,3,13.0,1022.5,26,0.0,partly-cloudy
2022-05-04 14:00:00,10.8,10.8,3.2,6.8,337,50.0,1022.5,27,0.0,variable-cloudiness
2022-05-04 15:00:00,10.2,10.2,2.7,6.7,18,63.0,1022.4,27,0.0,cloudy-with-sunny-intervals
2022-05-04 16:00:00,9.9,9.9,2.8,5.7,344,25.0,1022.7,29,0.0,partly-cloudy
2022-05-04 17:00:00,9.3,9.3,2.2,4.4,5,13.0,1022.7,31,0.0,partly-cloudy
2022-05-04 18:00:00,7.9,7.9,0.8,1.2,359,0.0,1023.0,35,0.0,clear
2022-05-04 19:00:00,5.4,5.4,0.3,0.5,156,0.0,1023.5,49,0.0,clear
2022-05-04 20:00:00,3.6,3.6,1.0,1.3,119,0.0,1023.8,56,0.0,clear
2022-05-04 21:00:00,2.3,2.3,1.0,1.1,153,0.0,1024.4,62,0.0,clear
2022-05-04 22:00:00,1.1,1.1,1.1,1.4,147,0.0,1024.7,67,0.0,clear
2022-05-04 23:00:00,0.2,0.2,1.0,1.4,134,0.0,1024.9,77,0.0,clear
2022-05-05 00:00:00,0.2,0.2,1.4,1.8,160,88.0,1025.2,72,0.0,cloudy
2022-05-05 01:00:00,0.0,-1.8,1.5,1.9,160,50.0,1025.4,72,0.0,variable-cloudiness
2022-05-05 02:00:00,-0.4,-2.2,1.5,2.0,156,88.0,1025.5,76,0.0,cloudy
2022-05-05 03:00:00,0.0,-2.3,1.9,2.5,134,88.0,1025.6,69,0.0,cloudy
2022-05-05 04:00:00,1.2,-0.8,1.8,2.4,150,88.0,1025.9,65,0.0,cloudy
2022-05-05 05:00:00,3.3,1.0,2.4,4.1,150,100.0,1025.8,61,0.0,cloudy
2022-05-05 06:00:00,6.1,6.1,3.2,4.9,166,88.0,1025.5,47,0.0,cloudy
2022-05-05 07:00:00,9.4,9.4,3.7,6.9,178,88.0,1025.4,36,0.0,cloudy
2022-05-05 08:00:00,11.0,11.0,4.6,8.5,188,88.0,1025.1,30,0.0,cloudy
2022-05-05 09:00:00,12.1,12.1,4.1,6.8,187,88.0,1024.7,28,0.0,cloudy
2022-05-05 10:00:00,13.1,13.1,4.6,8.9,208,50.0,1024.3,26,0.0,variable-cloudiness
2022-05-05 11:00:00,14.3,14.3,4.1,7.3,163,38.0,1023.8,25,0.0,variable-cloudiness
2022-05-05 12:00:00,15.1,15.1,3.2,7.9,180,0.0,1023.4,23,0.0,clear
2022-05-05 13:00:00,15.5,15.5,2.1,4.8,182,0.0,1023.0,21,0.0,clear
2022-05-05 14:00:00,15.9,15.9,4.3,7.0,191,0.0,1022.7,22,0.0,clear
2022-05-05 15:00:00,16.1,16.1,3.1,5.8,194,13.0,1022.6,23,0.0,partly-cloudy
2022-05-05 16:00:00,15.7,15.7,2.7,4.2,155,13.0,1022.3,25,0.0,partly-cloudy
2022-05-05 17:00:00,14.7,14.7,3.0,5.1,169,0.0,1022.3,28,0.0,clear
2022-05-05 18:00:00,12.4,12.4,2.3,3.4,150,0.0,1022.8,35,0.0,clear
2022-05-05 19:00:00,11.1,11.1,3.0,4.3,139,0.0,1022.9,38,0.0,clear
2022-05-05 20:00:00,9.8,9.8,3.0,4.3,148,13.0,1023.0,42,0.0,partly-cloudy
2022-05-05 21:00:00,9.5,9.5,3.2,5.6,146,88.0,1023.1,43,0.0,cloudy
2022-05-05 22:00:00,9.0,9.0,2.7,4.1,150,100.0,1023.2,47,0.0,cloudy
2022-05-05 23:00:00,9.0,9.0,2.4,3.3,145,100.0,1023.3,48,0.0,cloudy
2022-05-06 00:00:00,9.2,9.2,2.6,3.9,157,100.0,1023.5,47,0.0,cloudy
2022-05-06 01:00:00,8.7,8.7,2.0,3.2,152,100.0,1023.6,52,0.0,rain
2022-05-06 02:00:00,8.3,8.3,1.6,2.3,137,100.0,1023.7,58,0.0,light-rain
2022-05-06 03:00:00,6.8,6.8,1.2,2.4,117,100.0,1023.9,79,0.5,rain
2022-05-06 04:00:00,6.8,6.8,0.5,1.3,227,100.0,1024.4,84,0.0,rain
2022-05-06 05:00:00,8.0,8.0,2.1,3.6,122,100.0,1024.0,66,0.0,cloudy
2022-05-06 06:00:00,8.5,8.5,2.8,5.2,118,100.0,1023.5,62,0.0,rain
2022-05-06 07:00:00,8.4,8.4,2.2,3.5,194,100.0,1024.3,67,0.1,light-rain
2022-05-06 08:00:00,6.8,6.8,2.0,4.2,173,100.0,1024.0,93,2.8,light-rain
2022-05-06 09:00:00,7.9,7.9,1.5,2.9,119,100.0,1024.2,89,0.2,light-rain
2022-05-06 10:00:00,8.9,8.9,1.6,3.5,115,88.0,1023.5,84,0.1,rain
2022-05-06 11:00:00,11.1,11.1,2.6,4.6,148,88.0,1023.4,76,0.0,cloudy
2022-05-06 12:00:00,13.8,13.8,3.9,6.3,153,100.0,1022.8,58,0.0,cloudy
2022-05-06 13:00:00,14.1,14.1,2.9,4.4,186,100.0,1022.5,60,0.0,cloudy
2022-05-06 14:00:00,14.2,14.2,3.5,6.2,197,100.0,1022.3,62,0.0,cloudy
2022-05-06 15:00:00,12.8,12.8,3.6,6.4,216,100.0,1022.6,75,0.0,cloudy
2022-05-06 16:00:00,11.7,11.7,2.0,3.2,186,88.0,1022.1,84,0.0,rain
2022-05-06 17:00:00,11.3,11.3,1.1,1.9,122,100.0,1022.0,89,0.0,rain
2022-05-06 18:00:00,11.1,11.1,1.4,2.1,117,100.0,1021.9,87,0.0,cloudy
2022-05-06 19:00:00,10.9,10.9,1.1,2.0,138,100.0,1022.1,88,0.0,cloudy
2022-05-06 20:00:00,10.0,10.0,0.8,1.0,186,88.0,1021.9,93,0.0,mist
2022-05-06 21:00:00,9.3,9.3,1.0,1.7,294,75.0,1021.9,94,0.0,cloudy-with-sunny-intervals
2022-05-06 22:00:00,8.4,8.4,0.3,0.6,270,13.0,1021.6,96,0.0,mist
2022-05-06 23:00:00,6.8,6.8,1.1,1.5,194,88.0,1021.3,96,0.0,mist
2022-05-07 00:00:00,7.5,7.5,0.3,0.8,360,100.0,1021.3,97,0.0,cloudy
2022-05-07 01:00:00,7.7,7.7,1.0,1.6,269,100.0,1021.1,97,0.0,mist
2022-05-07 02:00:00,7.9,7.9,0.5,1.2,265,88.0,1020.7,96,0.0,mist
2022-05-07 03:00:00,8.2,8.2,1.0,1.5,262,88.0,1021.0,97,0.0,mist
2022-05-07 04:00:00,9.6,9.6,1.6,3.3,299,100.0,1021.0,88,0.0,cloudy
2022-05-07 05:00:00,9.8,9.8,2.7,4.9,299,13.0,1021.3,78,0.0,partly-cloudy
2022-05-07 06:00:00,11.7,11.7,3.3,6.7,278,0.0,1021.2,67,0.0,clear
2022-05-07 07:00:00,12.9,12.9,3.9,6.8,277,0.0,1021.3,62,0.0,clear
2022-05-07 08:00:00,13.8,13.8,2.8,5.9,269,38.0,1021.0,58,0.0,variable-cloudiness
2022-05-07 09:00:00,15.0,15.0,3.7,6.3,289,63.0,1020.9,56,0.0,cloudy-with-sunny-intervals
2022-05-07 10:00:00,15.6,15.6,4.7,7.7,282,25.0,1020.7,51,0.0,partly-cloudy
2022-05-07 11:00:00,17.2,17.2,3.7,7.7,278,63.0,1020.3,48,0.0,cloudy-with-sunny-intervals
2022-05-07 12:00:00,16.6,16.6,4.8,9.8,272,88.0,1020.2,49,0.0,cloudy
2022-05-07 13:00:00,16.1,16.1,3.7,6.6,275,88.0,1020.0,51,0.0,cloudy
2022-05-07 14:00:00,17.3,17.3,3.2,6.7,264,38.0,1019.4,45,0.0,variable-cloudiness
2022-05-07 15:00:00,16.2,16.2,3.4,6.6,276,100.0,1019.4,49,0.0,cloudy
2022-05-07 16:00:00,16.0,16.0,2.4,4.6,278,88.0,1019.2,53,0.0,cloudy
2022-05-07 17:00:00,15.6,15.6,2.5,4.3,265,100.0,1019.2,53,0.0,cloudy
2022-05-07 18:00:00,14.8,14.8,1.6,2.7,258,100.0,1019.5,56,0.0,cloudy
2022-05-07 19:00:00,14.0,14.0,1.4,2.8,254,100.0,1019.6,62,0.0,cloudy
2022-05-07 20:00:00,13.1,13.1,2.6,4.5,274,100.0,1019.8,70,0.0,light-rain
2022-05-07 21:00:00,12.5,12.5,2.2,3.8,280,100.0,1019.9,74,0.0,rain
2022-05-07 22:00:00,11.3,11.3,1.6,2.5,208,100.0,1020.0,86,0.1,light-rain
2022-05-07 23:00:00,10.8,10.8,2.1,3.1,211,100.0,1020.0,91,0.1,light-rain
2022-05-08 00:00:00,10.5,10.5,2.3,4.1,220,100.0,1020.0,93,0.1,light-rain
2022-05-08 01:00:00,10.7,10.7,2.2,3.5,250,,1019.9,92,0.0,
2022-05-08 02:00:00,10.3,10.3,2.2,4.4,252,63.0,1019.7,92,0.0,cloudy-with-sunny-intervals
2022-05-08 03:00:00,10.2,10.2,1.7,3.1,258,100.0,1019.9,92,0.0,cloudy
2022-05-08 04:00:00,10.5,10.5,2.1,4.0,280,100.0,1020.3,87,0.0,cloudy
2022-05-08 05:00:00,11.2,11.2,2.6,4.7,283,88.0,1020.4,85,0.0,cloudy
2022-05-08 06:00:00,12.2,12.2,2.7,5.1,291,63.0,1020.6,78,0.0,cloudy-with-sunny-intervals
2022-05-08 07:00:00,11.7,11.7,3.4,5.9,314,100.0,1021.0,78,0.0,cloudy
2022-05-08 08:00:00,12.2,12.2,2.4,4.3,325,100.0,1021.4,74,0.0,cloudy
2022-05-08 09:00:00,12.7,12.7,3.2,6.2,1,88.0,1021.8,72,0.0,cloudy
2022-05-08 10:00:00,12.4,12.4,2.6,5.6,355,88.0,1022.0,71,0.0,cloudy
2022-05-08 11:00:00,13.4,13.4,2.7,5.8,327,88.0,1022.0,65,0.0,cloudy
2022-05-08 12:00:00,13.1,13.1,3.3,7.1,341,88.0,1022.1,69,0.0,cloudy
2022-05-08 13:00:00,12.1,12.1,3.4,5.7,340,88.0,1022.5,67,0.0,cloudy
2022-05-08 14:00:00,12.9,12.9,4.1,7.5,351,50.0,1022.6,44,0.0,variable-cloudiness
2022-05-08 15:00:00,12.5,12.5,3.2,7.5,25,13.0,1022.8,31,0.0,partly-cloudy
2022-05-08 16:00:00,12.0,12.0,2.5,5.2,359,88.0,1023.3,42,0.0,cloudy
2022-05-08 17:00:00,12.0,12.0,2.3,4.5,8,38.0,1023.8,39,0.0,variable-cloudiness
2022-05-08 18:00:00,10.8,10.8,0.9,1.7,329,63.0,1024.3,42,0.0,cloudy-with-sunny-intervals
2022-05-08 19:00:00,8.4,8.4,1.6,2.8,315,0.0,1025.2,54,0.0,clear
2022-05-08 20:00:00,8.5,8.5,2.2,5.7,354,0.0,1026.2,46,0.0,clear
2022-05-08 21:00:00,7.3,7.3,2.7,6.0,354,0.0,1027.0,50,0.0,clear
2022-05-08 22:00:00,6.2,6.2,2.5,6.7,348,0.0,1027.8,53,0.0,clear
2022-05-08 23:00:00,5.2,5.2,2.5,4.9,347,0.0,1028.6,52,0.0,clear
2022-05-09 00:00:00,3.9,3.9,1.4,3.0,351,0.0,1029.2,57,0.0,clear
2022-05-09 01:00:00,2.9,1.4,1.6,3.2,348,0.0,1029.8,61,0.0,clear
2022-05-09 02:00:00,1.5,-0.6,1.9,3.6,322,0.0,1030.0,69,0.0,clear
2022-05-09 03:00:00,1.1,-0.5,1.5,3.1,326,0.0,1030.6,74,0.0,clear
2022-05-09 04:00:00,2.6,0.3,2.2,4.4,344,0.0,1030.9,70,0.0,clear
2022-05-09 05:00:00,4.3,2.7,1.9,4.5,7,0.0,1031.2,66,0.0,clear
2022-05-09 06:00:00,6.1,6.1,2.6,5.0,350,0.0,1031.5,57,0.0,clear
2022-05-09 07:00:00,7.8,7.8,2.6,6.0,354,0.0,1031.7,48,0.0,clear
2022-05-09 08:00:00,9.4,9.4,1.9,4.4,322,0.0,1031.5,42,0.0,clear
2022-05-09 09:00:00,10.1,10.1,2.5,5.5,9,0.0,1031.7,32,0.0,clear
2022-05-09 10:00:00,10.9,10.9,1.9,4.3,31,0.0,1031.5,28,0.0,clear
2022-05-09 11:00:00,11.6,11.6,2.9,5.6,344,0.0,1030.9,29,0.0,clear
2022-05-09 12:00:00,12.5,12.5,2.1,4.4,305,0.0,1030.4,32,0.0,clear
2022-05-09 13:00:00,12.8,12.8,3.2,7.0,335,0.0,1030.0,27,0.0,clear
2022-05-09 14:00:00,13.3,13.3,2.6,6.1,325,0.0,1029.3,27,0.0,clear
2022-05-09 15:00:00,13.4,13.4,3.0,5.9,313,0.0,1029.0,29,0.0,clear
2022-05-09 16:00:00,12.6,12.6,3.8,7.1,308,0.0,1028.8,30,0.0,clear
2022-05-09 17:00:00,11.7,11.7,2.8,5.6,355,0.0,1029.0,32,0.0,clear
2022-05-09 18:00:00,10.2,10.2,2.0,3.6,335,0.0,1029.2,36,0.0,clear
2022-05-09 19:00:00,8.7,8.7,1.7,3.5,342,0.0,1029.5,42,0.0,clear
2022-05-09 20:00:00,7.3,7.3,1.1,2.3,342,0.0,1029.5,45,0.0,clear
2022-05-09 21:00:00,5.4,5.4,0.9,1.4,307,0.0,1029.6,55,0.0,clear
2022-05-09 22:00:00,5.0,5.0,0.9,1.6,335,0.0,1029.8,56,0.0,clear
2022-05-09 23:00:00,4.7,4.7,1.2,1.8,342,0.0,1029.8,56,0.0,clear
2022-05-10 00:00:00,3.9,3.9,1.1,1.7,357,0.0,1029.5,58,0.0,clear
2022-05-10 01:00:00,2.4,2.4,0.7,0.9,302,0.0,1029.3,67,0.0,clear
2022-05-10 02:00:00,1.4,1.4,0.7,1.2,330,0.0,1029.4,75,0.0,clear
2022-05-10 03:00:00,1.1,1.1,0.7,1.1,8,0.0,1029.3,78,0.0,clear
2022-05-10 04:00:00,5.3,5.3,0.5,1.1,50,0.0,1028.7,64,0.0,clear
2022-05-10 05:00:00,7.9,7.9,1.0,2.0,136,0.0,1028.5,51,0.0,clear
2022-05-10 06:00:00,10.4,10.4,1.6,3.6,154,0.0,1028.4,39,0.0,clear
2022-05-10 07:00:00,12.0,12.0,1.6,3.0,150,0.0,1027.7,33,0.0,clear
2022-05-10 08:00:00,12.8,12.8,1.6,3.9,150,0.0,1027.0,32,0.0,clear
2022-05-10 09:00:00,14.0,14.0,1.6,3.6,80,0.0,1026.3,31,0.0,clear
2022-05-10 10:00:00,15.3,15.3,1.3,4.3,141,0.0,1025.8,29,0.0,clear
2022-05-10 11:00:00,15.7,15.7,2.2,4.5,269,0.0,1024.9,29,0.0,clear
2022-05-10 12:00:00,16.9,16.9,2.3,4.3,143,0.0,1023.8,26,0.0,clear
2022-05-10 13:00:00,16.9,16.9,2.0,3.8,305,13.0,1022.7,27,0.0,partly-cloudy
2022-05-10 14:00:00,17.4,17.4,2.0,3.6,37,0.0,1021.8,25,0.0,clear
2022-05-10 15:00:00,17.3,17.3,0.9,2.3,325,25.0,1021.0,27,0.0,partly-cloudy
2022-05-10 16:00:00,16.4,16.4,1.2,2.1,310,50.0,1020.6,28,0.0,variable-cloudiness
2022-05-10 17:00:00,16.3,16.3,0.6,1.2,5,25.0,1020.0,28,0.0,partly-cloudy
2022-05-10 18:00:00,13.8,13.8,0.6,0.8,307,0.0,1019.9,35,0.0,clear
2022-05-10 19:00:00,10.9,10.9,0.9,2.3,145,13.0,1020.0,51,0.0,partly-cloudy
2022-05-10 20:00:00,9.4,9.4,1.0,1.7,133,0.0,1019.7,55,0.0,clear
2022-05-10 21:00:00,8.2,8.2,1.2,1.7,128,0.0,1019.3,58,0.0,clear
2022-05-10 22:00:00,7.0,7.0,1.3,1.6,153,38.0,1019.1,63,0.0,variable-cloudiness
2022-05-10 23:00:00,6.6,6.6,1.7,2.3,128,50.0,1018.6,65,0.0,variable-cloudiness
2022-05-11 00:00:00,6.6,6.6,2.2,3.4,146,88.0,1018.0,64,0.0,cloudy
2022-05-11 01:00:00,5.9,5.9,2.2,2.8,138,88.0,1017.7,67,0.0,cloudy
2022-05-11 02:00:00,5.9,5.9,2.4,3.8,141,100.0,1017.2,68,0.0,cloudy
2022-05-11 03:00:00,5.5,5.5,2.0,2.8,145,88.0,1017.1,69,0.0,cloudy
2022-05-11 04:00:00,6.4,6.4,2.4,3.4,149,0.0,1016.7,68,0.0,clear
2022-05-11 05:00:00,9.9,9.9,2.7,4.7,165,88.0,1015.8,59,0.0,cloudy
2022-05-11 06:00:00,12.9,12.9,3.3,4.8,189,88.0,1015.4,43,0.0,cloudy
2022-05-11 07:00:00,15.3,15.3,3.5,7.2,188,88.0,1014.9,37,0.0,cloudy
2022-05-11 08:00:00,17.9,17.9,4.1,7.8,197,0.0,1014.0,30,0.0,clear
2022-05-11 09:00:00,18.6,18.6,4.9,9.6,208,,1013.3,27,0.0,
2022-05-11 10:00:00,19.6,19.6,4.6,7.6,192,88.0,1012.6,29,0.0,cloudy
2022-05-11 11:00:00,19.6,19.6,5.8,9.4,189,88.0,1012.3,29,0.0,light-rain
2022-05-11 12:00:00,20.4,20.4,4.8,8.5,198,100.0,1011.5,31,0.0,rain
2022-05-11 13:00:00,20.9,20.9,5.0,8.5,203,88.0,1010.8,35,0.0,cloudy
2022-05-11 14:00:00,20.8,20.8,4.4,7.4,198,100.0,1010.4,36,0.0,cloudy
2022-05-11 15:00:00,20.3,20.3,4.3,9.0,242,100.0,1010.4,41,0.0,cloudy
2022-05-11 16:00:00,18.2,18.2,2.4,4.8,236,100.0,1010.5,54,0.0,rain
2022-05-11 17:00:00,17.4,17.4,2.1,5.4,256,100.0,1010.3,60,0.0,cloudy
2022-05-11 18:00:00,16.7,16.7,1.5,2.6,249,88.0,1010.3,63,0.0,cloudy
2022-05-11 19:00:00,15.9,15.9,1.5,2.2,204,100.0,1010.3,67,0.0,cloudy
2022-05-11 20:00:00,15.7,15.7,1.7,2.6,209,100.0,1010.1,67,0.0,cloudy
2022-05-11 21:00:00,14.3,14.3,1.8,2.1,176,63.0,1009.4,74,0.0,cloudy-with-sunny-intervals
2022-05-11 22:00:00,13.3,13.3,1.7,2.2,161,50.0,1009.0,78,0.0,variable-cloudiness
2022-05-11 23:00:00,13.2,13.2,1.0,1.3,81,100.0,1008.4,78,0.0,cloudy
2022-05-12 00:00:00,12.1,12.1,1.4,2.1,160,88.0,1008.3,91,0.4,light-rain
2022-05-12 01:00:00,12.2,12.2,2.8,4.5,158,88.0,1006.6,88,0.9,rain
2022-05-12 02:00:00,11.8,11.8,2.3,4.2,163,88.0,1005.9,88,0.0,cloudy
2022-05-12 03:00:00,11.5,11.5,2.7,4.3,161,88.0,1004.8,92,0.0,cloudy
2022-05-12 04:00:00,13.5,13.5,3.8,6.9,227,88.0,1005.7,88,0.1,light-rain
2022-05-12 05:00:00,13.5,13.5,3.6,7.2,176,100.0,1003.1,93,2.1,light-rain
2022-05-12 06:00:00,15.4,15.4,5.0,8.4,195,88.0,1002.8,86,0.0,rain
2022-05-12 07:00:00,17.1,17.1,5.6,9.4,205,88.0,1001.6,78,0.0,cloudy
2022-05-12 08:00:00,15.6,15.6,3.3,6.7,258,88.0,1001.7,88,0.8,rain
2022-05-12 09:00:00,14.6,14.6,4.4,9.3,256,100.0,1003.3,92,2.8,light-rain
2022-05-12 10:00:00,14.2,14.2,4.1,8.9,234,100.0,1003.6,90,1.0,light-rain
2022-05-12 11:00:00,13.7,13.7,5.2,11.5,245,100.0,1003.9,89,0.4,light-rain
2022-05-12 12:00:00,14.7,14.7,5.5,9.9,276,88.0,1004.8,77,0.0,rain
2022-05-12 13:00:00,12.4,12.4,6.5,13.1,288,88.0,1007.2,74,0.0,cloudy
2022-05-12 14:00:00,13.0,13.0,7.5,14.9,281,100.0,1008.1,69,0.0,cloudy
2022-05-12 15:00:00,13.3,13.3,5.3,10.5,266,88.0,1008.8,68,0.0,cloudy
2022-05-12 16:00:00,13.4,13.4,6.3,12.7,282,50.0,1009.1,59,0.0,variable-cloudiness
2022-05-12 17:00:00,12.8,12.8,6.7,13.6,279,50.0,1010.1,56,0.0,variable-cloudiness
2022-05-12 18:00:00,11.8,11.8,6.1,12.6,272,88.0,1010.8,60,0.0,cloudy
2022-05-12 19:00:00,11.0,11.0,6.0,12.3,275,63.0,1011.7,62,0.0,cloudy-with-sunny-intervals
2022-05-12 20:00:00,10.0,10.0,4.4,9.0,268,25.0,1012.2,67,0.0,partly-cloudy
2022-05-12 21:00:00,9.4,9.4,5.7,9.5,268,0.0,1012.2,71,0.0,clear
2022-05-12 22:00:00,9.1,9.1,4.5,8.3,270,0.0,1012.3,73,0.0,clear
2022-05-12 23:00:00,8.6,8.6,3.2,6.4,258,0.0,1012.5,76,0.0,clear
2022-05-13 00:00:00,7.8,7.8,2.6,5.4,223,0.0,1012.6,79,0.0,clear
2022-05-13 01:00:00,7.0,7.0,3.4,6.2,234,0.0,1012.6,84,0.0,clear
2022-05-13 02:00:00,7.1,7.1,3.1,6.0,244,13.0,1012.7,84,0.0,partly-cloudy
2022-05-13 03:00:00,7.4,7.4,3.3,6.3,240,25.0,1012.8,82,0.0,partly-cloudy
2022-05-13 04:00:00,8.5,8.5,2.8,4.9,241,75.0,1012.8,78,0.0,cloudy-with-sunny-intervals
2022-05-13 05:00:00,9.8,9.8,3.7,7.2,251,100.0,1012.9,74,0.0,cloudy
2022-05-13 06:00:00,11.4,11.4,4.2,8.0,254,0.0,1012.9,69,0.0,clear
2022-05-13 07:00:00,13.1,13.1,5.7,10.2,260,13.0,1012.8,60,0.0,partly-cloudy
2022-05-13 08:00:00,13.7,13.7,4.4,8.9,244,75.0,1012.5,57,0.0,cloudy-with-sunny-intervals
2022-05-13 09:00:00,14.0,14.0,5.3,10.3,248,88.0,1012.7,54,0.0,cloudy
2022-05-13 10:00:00,14.1,14.1,5.7,9.4,259,88.0,1012.5,51,0.0,cloudy
2022-05-13 11:00:00,14.7,14.7,5.3,9.1,261,88.0,1012.3,49,0.0,cloudy
2022-05-13 12:00:00,15.4,15.4,5.1,8.9,278,75.0,1012.1,52,0.0,cloudy-with-sunny-intervals
2022-05-13 13:00:00,15.2,15.2,6.5,11.6,270,88.0,1012.0,48,0.0,cloudy
2022-05-13 14:00:00,15.6,15.6,6.6,12.4,268,25.0,1012.0,43,0.0,partly-cloudy
2022-05-13 15:00:00,15.2,15.2,6.5,12.5,286,88.0,1011.8,42,0.0,cloudy
2022-05-13 16:00:00,14.3,14.3,3.7,6.4,279,75.0,1011.9,46,0.0,cloudy-with-sunny-intervals
2022-05-13 17:00:00,13.7,13.7,4.6,8.8,271,38.0,1011.7,47,0.0,variable-cloudiness
2022-05-13 18:00:00,12.3,12.3,3.3,5.9,272,25.0,1011.7,53,0.0,partly-cloudy
2022-05-13 19:00:00,11.2,11.2,2.1,3.0,265,88.0,1011.7,60,0.0,cloudy
2022-05-13 20:00:00,10.7,10.7,2.9,5.2,272,75.0,1011.9,64,0.0,cloudy-with-sunny-intervals
2022-05-13 21:00:00,9.5,9.5,2.1,3.6,254,13.0,1012.3,66,0.0,partly-cloudy
2022-05-13 22:00:00,8.6,8.6,2.6,4.7,261,0.0,1012.5,64,0.0,clear
2022-05-13 23:00:00,7.3,7.3,2.3,4.4,248,0.0,1012.3,72,0.0,clear
2022-05-14 00:00:00,6.7,6.7,1.8,3.4,239,0.0,1012.2,77,0.0,clear
2022-05-14 01:00:00,5.8,5.8,1.7,3.1,221,0.0,1012.2,83,0.0,clear
2022-05-14 02:00:00,5.2,5.2,1.7,2.8,217,13.0,1012.0,85,0.0,partly-cloudy
2022-05-14 03:00:00,5.5,5.5,1.8,3.9,217,88.0,1011.8,84,0.0,cloudy
2022-05-14 04:00:00,7.6,7.6,1.7,4.9,238,75.0,1011.4,81,0.0,cloudy-with-sunny-intervals
2022-05-14 05:00:00,9.4,9.4,3.7,6.0,247,38.0,1011.1,76,0.0,variable-cloudiness
2022-05-14 06:00:00,10.0,10.0,3.7,6.7,252,88.0,1010.8,76,0.0,cloudy
2022-05-14 07:00:00,10.7,10.7,3.8,8.4,256,88.0,1010.7,76,0.0,cloudy
2022-05-14 08:00:00,9.7,9.7,3.6,6.5,258,100.0,1010.5,90,0.5,light-rain
2022-05-14 09:00:00,10.4,10.4,2.6,4.8,246,100.0,1010.4,89,0.2,light-rain
2022-05-14 10:00:00,12.0,12.0,3.5,6.9,260,88.0,1009.8,77,0.0,rain
2022-05-14 11:00:00,11.0,11.0,4.3,7.9,255,88.0,1010.1,82,0.6,light-rain
2022-05-14 12:00:00,11.7,11.7,4.4,7.8,272,100.0,1010.0,75,0.0,heavy-rain
2022-05-14 13:00:00,11.7,11.7,5.9,10.0,262,75.0,1010.1,82,0.7,rain-at-times
2022-05-14 14:00:00,13.1,13.1,5.2,8.5,265,88.0,1009.9,72,0.0,cloudy
2022-05-14 15:00:00,11.7,11.7,4.3,7.9,277,88.0,1010.3,82,0.2,light-rain
2022-05-14 16:00:00,12.4,12.4,5.2,10.3,275,100.0,1010.4,71,0.0,heavy-rain
2022-05-14 17:00:00,11.9,11.9,4.5,8.4,274,88.0,1010.6,72,0.0,cloudy
2022-05-14 18:00:00,11.6,11.6,5.1,10.2,267,100.0,1010.9,70,0.0,cloudy
2022-05-14 19:00:00,11.2,11.2,4.1,8.0,252,100.0,1011.3,73,0.0,cloudy
2022-05-14 20:00:00,10.9,10.9,4.1,7.1,260,100.0,1011.3,74,0.0,cloudy
2022-05-14 21:00:00,10.4,10.4,4.3,8.7,257,100.0,1011.2,75,0.0,cloudy
2022-05-14 22:00:00,10.0,10.0,3.9,6.8,253,88.0,1011.0,78,0.0,cloudy
2022-05-14 23:00:00,9.7,9.7,3.4,6.3,265,100.0,1011.1,80,0.0,cloudy
2022-05-15 00:00:00,8.2,8.2,2.3,4.0,272,50.0,1011.4,90,0.5,rain-showers
2022-05-15 01:00:00,7.9,7.9,2.0,5.1,269,75.0,1011.5,91,0.0,cloudy-with-sunny-intervals
2022-05-15 02:00:00,8.3,8.3,3.1,5.6,272,100.0,1011.5,88,0.0,cloudy
2022-05-15 03:00:00,7.9,7.9,3.0,5.4,277,88.0,1011.8,89,0.0,cloudy
2022-05-15 04:00:00,8.2,8.2,2.8,6.3,270,88.0,1012.3,88,0.0,cloudy
2022-05-15 05:00:00,8.7,8.7,3.9,7.5,272,88.0,1012.6,86,0.0,cloudy
2022-05-15 06:00:00,8.8,8.8,4.7,8.6,297,100.0,1013.2,86,0.0,cloudy
2022-05-15 07:00:00,9.3,9.3,3.8,6.8,296,100.0,1013.8,84,0.0,cloudy
2022-05-15 08:00:00,11.2,11.2,3.6,6.5,298,88.0,1014.2,73,0.0,cloudy
2022-05-15 09:00:00,13.1,13.1,4.8,8.1,308,88.0,1014.6,55,0.0,cloudy
2022-05-15 10:00:00,14.4,14.4,4.4,8.1,323,75.0,1014.8,43,0.0,cloudy-with-sunny-intervals
2022-05-15 11:00:00,15.2,15.2,4.7,8.6,314,50.0,1015.0,39,0.0,variable-cloudiness
2022-05-15 12:00:00,15.4,15.4,4.1,8.1,304,25.0,1015.0,37,0.0,partly-cloudy
2022-05-15 13:00:00,16.1,16.1,4.4,8.4,305,63.0,1014.8,37,0.0,cloudy-with-sunny-intervals
2022-05-15 14:00:00,14.6,14.6,4.2,7.9,302,100.0,1015.1,40,0.0,cloudy
2022-05-15 15:00:00,14.6,14.6,3.6,8.0,297,100.0,1015.0,42,0.0,cloudy
2022-05-15 16:00:00,15.1,15.1,4.5,8.4,303,100.0,1014.9,38,0.0,cloudy
2022-05-15 17:00:00,14.3,14.3,3.1,5.4,306,100.0,1015.0,42,0.0,cloudy
2022-05-15 18:00:00,12.9,12.9,3.2,6.5,313,88.0,1015.6,50,0.0,cloudy
2022-05-15 19:00:00,9.6,9.6,2.2,4.8,324,100.0,1017.1,75,0.0,light-rain
2022-05-15 20:00:00,8.3,8.3,1.0,1.7,241,88.0,1017.1,89,0.1,rain
2022-05-15 21:00:00,7.5,7.5,1.6,3.5,306,88.0,1017.6,92,0.0,cloudy
2022-05-15 22:00:00,7.9,7.9,2.2,4.0,310,88.0,1018.1,84,0.0,cloudy
2022-05-15 23:00:00,7.1,7.1,2.1,3.8,312,0.0,1018.3,81,0.0,clear
2022-05-16 00:00:00,5.5,5.5,1.4,2.3,298,50.0,1018.4,87,0.0,variable-cloudiness
2022-05-16 01:00:00,4.6,4.6,1.2,1.9,289,0.0,1018.6,89,0.0,clear
2022-05-16 02:00:00,4.0,4.0,1.2,1.9,290,0.0,1018.8,90,0.0,clear
2022-05-16 03:00:00,4.4,2.8,1.9,3.5,287,0.0,1018.9,86,0.0,clear
2022-05-16 04:00:00,7.0,7.0,2.3,4.2,297,0.0,1019.2,75,0.0,clear
2022-05-16 05:00:00,7.3,7.3,2.7,4.9,306,63.0,1019.5,72,0.0,cloudy-with-sunny-intervals
2022-05-16 06:00:00,9.5,9.5,3.2,5.4,305,50.0,1019.3,59,0.0,variable-cloudiness
2022-05-16 07:00:00,10.8,10.8,3.1,6.3,299,100.0,1019.3,55,0.0,cloudy
2022-05-16 08:00:00,10.8,10.8,3.2,6.2,309,100.0,1019.6,52,0.0,cloudy
2022-05-16 09:00:00,11.9,11.9,3.6,6.8,287,88.0,1019.2,44,0.0,cloudy
2022-05-16 10:00:00,12.5,12.5,3.5,5.5,270,88.0,1018.5,46,0.0,cloudy
2022-05-16 11:00:00,15.3,15.3,5.5,11.5,289,50.0,1017.4,39,0.0,variable-cloudiness
2022-05-16 12:00:00,14.3,14.3,4.3,7.3,289,88.0,1017.5,42,0.0,cloudy
2022-05-16 13:00:00,14.6,14.6,3.5,7.8,304,75.0,1016.8,42,0.0,cloudy-with-sunny-intervals
2022-05-16 14:00:00,14.6,14.6,4.7,8.9,314,88.0,1016.8,38,0.0,cloudy
2022-05-16 15:00:00,15.3,15.3,4.1,8.5,312,75.0,1016.5,36,0.0,cloudy-with-sunny-intervals
2022-05-16 16:00:00,14.6,14.6,4.0,8.0,303,88.0,1016.3,35,0.0,cloudy
2022-05-16 17:00:00,13.4,13.4,2.4,4.5,306,75.0,1016.3,38,0.0,cloudy-with-sunny-intervals
2022-05-16 18:00:00,12.5,12.5,2.4,4.0,307,88.0,1016.4,40,0.0,cloudy
2022-05-16 19:00:00,11.0,11.0,2.6,4.3,306,0.0,1016.8,42,0.0,clear
2022-05-16 20:00:00,9.9,9.9,2.7,5.2,329,0.0,1017.4,45,0.0,clear
2022-05-16 21:00:00,8.0,8.0,1.9,3.8,337,0.0,1017.9,56,0.0,clear
2022-05-16 22:00:00,6.6,6.6,1.5,3.5,328,0.0,1018.4,61,0.0,clear
2022-05-16 23:00:00,5.0,3.6,1.8,2.8,303,0.0,1018.7,66,0.0,clear
2022-05-17 00:00:00,4.1,2.4,1.9,3.1,300,0.0,1018.8,69,0.0,clear
2022-05-17 01:00:00,3.4,1.7,1.8,3.1,293,0.0,1018.7,76,0.0,clear
2022-05-17 02:00:00,2.9,0.3,2.6,4.8,306,0.0,1018.7,82,0.0,clear
2022-05-17 03:00:00,3.0,0.2,2.9,5.1,302,0.0,1018.6,82,0.0,clear
2022-05-17 04:00:00,3.8,0.4,3.9,7.3,311,0.0,1018.7,79,0.0,clear
2022-05-17 05:00:00,4.9,1.6,4.2,9.1,311,0.0,1018.8,73,0.0,clear
2022-05-17 06:00:00,6.2,6.2,3.8,7.7,320,25.0,1018.7,67,0.0,partly-cloudy
2022-05-17 07:00:00,7.0,7.0,3.8,7.0,312,63.0,1018.6,63,0.0,cloudy-with-sunny-intervals
2022-05-17 08:00:00,7.6,7.6,4.4,8.5,314,88.0,1018.9,61,0.0,cloudy
2022-05-17 09:00:00,9.2,9.2,3.8,8.5,317,88.0,1018.8,58,0.0,cloudy
2022-05-17 10:00:00,9.1,9.1,3.6,6.8,326,88.0,1018.5,54,0.0,cloudy
2022-05-17 11:00:00,8.8,8.8,4.1,7.5,302,50.0,1018.7,64,0.0,rain-showers
2022-05-17 12:00:00,6.0,6.0,4.2,11.9,322,100.0,1019.4,65,0.0,rain
2022-05-17 13:00:00,6.0,6.0,2.7,5.4,335,100.0,1019.8,78,0.3,light-rain
2022-05-17 14:00:00,8.5,8.5,3.0,6.3,309,75.0,1018.9,61,0.1,rain-at-times
2022-05-17 15:00:00,4.7,1.3,4.4,10.1,325,100.0,1020.3,80,0.4,rain
2022-05-17 16:00:00,7.3,7.3,4.8,8.9,308,88.0,1019.2,64,0.2,rain
2022-05-17 17:00:00,8.8,8.8,3.9,8.8,328,13.0,1019.4,51,0.0,partly-cloudy
2022-05-17 18:00:00,7.5,7.5,3.2,7.7,329,75.0,1020.4,53,0.0,cloudy-with-sunny-intervals
2022-05-17 19:00:00,6.4,6.4,3.2,8.1,323,63.0,1021.3,59,0.0,cloudy-with-sunny-intervals
2022-05-17 20:00:00,5.4,5.4,2.6,5.0,328,100.0,1021.9,64,0.0,cloudy
2022-05-17 21:00:00,4.4,2.0,2.7,5.8,324,13.0,1022.3,68,0.0,partly-cloudy
2022-05-17 22:00:00,3.5,1.2,2.4,5.2,330,0.0,1022.8,73,0.0,clear
2022-05-17 23:00:00,3.1,0.1,3.1,5.9,322,0.0,1023.1,76,0.0,clear
2022-05-18 00:00:00,3.0,0.3,2.7,5.5,317,88.0,1023.4,80,0.0,cloudy
2022-05-18 01:00:00,3.6,1.6,2.1,5.8,322,100.0,1023.6,80,0.0,cloudy
2022-05-18 02:00:00,3.7,1.4,2.4,4.8,318,100.0,1024.2,83,0.0,cloudy
2022-05-18 03:00:00,4.0,1.5,2.8,5.9,319,100.0,1024.7,85,0.0,cloudy
2022-05-18 04:00:00,4.6,1.7,3.4,7.2,319,100.0,1025.3,84,0.0,cloudy
2022-05-18 05:00:00,6.3,6.3,2.6,5.0,319,25.0,1025.7,77,0.0,partly-cloudy
2022-05-18 06:00:00,6.9,6.9,2.6,5.7,319,100.0,1026.2,74,0.0,cloudy
2022-05-18 07:00:00,8.9,8.9,2.8,6.5,329,100.0,1026.5,64,0.0,cloudy
2022-05-18 08:00:00,10.3,10.3,4.2,10.1,323,88.0,1026.7,54,0.0,cloudy
2022-05-18 09:00:00,11.2,11.2,4.4,9.1,337,88.0,1026.6,52,0.0,cloudy
2022-05-18 10:00:00,12.5,12.5,3.6,7.4,328,13.0,1026.3,49,0.0,partly-cloudy
2022-05-18 11:00:00,13.8,13.8,5.2,9.3,306,13.0,1025.9,46,0.0,partly-cloudy
2022-05-18 12:00:00,14.9,14.9,3.9,8.6,294,0.0,1025.5,44,0.0,clear
2022-05-18 13:00:00,15.6,15.6,4.5,9.9,295,0.0,1025.0,38,0.0,clear
2022-05-18 14:00:00,16.0,16.0,4.1,7.9,318,0.0,1024.6,33,0.0,clear
2022-05-18 15:00:00,15.8,15.8,5.3,10.6,288,0.0,1024.4,35,0.0,clear
2022-05-18 16:00:00,15.6,15.6,4.8,8.2,292,0.0,1024.3,34,0.0,clear
2022-05-18 17:00:00,15.1,15.1,3.5,6.7,296,0.0,1024.3,37,0.0,clear
2022-05-18 18:00:00,13.4,13.4,2.9,4.4,288,0.0,1024.6,41,0.0,clear
2022-05-18 19:00:00,11.3,11.3,1.6,2.4,268,0.0,1024.8,46,0.0,clear
2022-05-18 20:00:00,10.0,10.0,2.6,3.7,276,0.0,1024.9,51,0.0,clear
2022-05-18 21:00:00,9.0,9.0,2.4,4.2,281,0.0,1025.1,58,0.0,clear
2022-05-18 22:00:00,7.7,7.7,2.1,3.7,269,0.0,1025.3,61,0.0,clear
2022-05-18 23:00:00,7.0,7.0,1.8,3.1,257,0.0,1025.0,61,0.0,clear
2022-05-19 00:00:00,6.1,6.1,2.0,3.2,270,0.0,1025.1,65,0.0,clear
2022-05-19 01:00:00,4.7,4.7,0.8,1.5,213,0.0,1025.1,68,0.0,clear
2022-05-19 02:00:00,2.6,2.6,1.1,1.6,223,25.0,1025.2,78,0.0,partly-cloudy
2022-05-19 03:00:00,1.8,1.8,1.4,1.7,198,100.0,1025.2,83,0.0,cloudy
2022-05-19 04:00:00,3.5,3.5,1.4,2.1,170,100.0,1024.8,81,0.0,cloudy
2022-05-19 05:00:00,5.8,5.8,1.7,2.6,205,88.0,1024.9,74,0.0,cloudy
2022-05-19 06:00:00,7.1,7.1,1.3,2.5,186,100.0,1024.5,71,0.0,cloudy
2022-05-19 07:00:00,9.7,9.7,1.6,2.8,196,88.0,1024.2,63,0.0,cloudy
2022-05-19 08:00:00,11.4,11.4,1.2,3.1,184,100.0,1023.7,59,0.0,cloudy
2022-05-19 09:00:00,13.6,13.6,2.6,4.6,265,100.0,1023.5,48,0.0,cloudy
2022-05-19 10:00:00,14.8,14.8,2.9,5.6,279,100.0,1023.2,43,0.0,cloudy
2022-05-19 11:00:00,17.6,17.6,2.6,5.1,210,63.0,1022.3,40,0.0,cloudy-with-sunny-intervals
2022-05-19 12:00:00,18.3,18.3,3.0,6.5,304,75.0,1021.6,37,0.0,cloudy-with-sunny-intervals
2022-05-19 13:00:00,19.6,19.6,4.8,9.4,286,25.0,1020.9,40,0.0,partly-cloudy
2022-05-19 14:00:00,19.9,19.9,4.9,8.1,279,100.0,1020.5,39,0.0,cloudy
2022-05-19 15:00:00,20.5,20.5,3.1,5.2,263,88.0,1019.9,37,0.0,cloudy
2022-05-19 16:00:00,19.8,19.8,2.9,5.0,256,88.0,1019.8,35,0.0,cloudy
2022-05-19 17:00:00,19.1,19.1,2.1,3.8,262,88.0,1019.5,38,0.0,cloudy
2022-05-19 18:00:00,18.1,18.1,1.7,3.0,252,88.0,1019.3,40,0.0,cloudy
2022-05-19 19:00:00,17.4,17.4,1.8,3.2,252,88.0,1019.2,42,0.0,cloudy
2022-05-19 20:00:00,17.0,17.0,1.6,3.0,246,100.0,1019.1,43,0.0,cloudy
2022-05-19 21:00:00,14.0,14.0,1.0,2.0,356,88.0,1019.4,69,0.3,heavy-rain
2022-05-19 22:00:00,13.2,13.2,1.5,2.1,133,88.0,1018.6,74,0.0,cloudy
2022-05-19 23:00:00,12.2,12.2,0.7,1.5,82,88.0,1018.5,84,0.1,rain
2022-05-20 00:00:00,12.2,12.2,1.3,2.1,344,100.0,1018.6,81,0.0,heavy-rain
2022-05-20 01:00:00,11.5,11.5,2.2,3.2,150,100.0,1018.2,90,1.1,rain
2022-05-20 02:00:00,10.9,10.9,1.9,3.2,134,100.0,1017.7,96,1.6,rain
2022-05-20 03:00:00,11.1,11.1,1.7,3.5,119,88.0,1017.2,95,0.2,heavy-rain
2022-05-20 04:00:00,11.6,11.6,1.9,3.0,141,88.0,1016.5,94,0.0,cloudy
2022-05-20 05:00:00,12.4,12.4,3.1,4.8,162,88.0,1016.2,90,0.0,cloudy
2022-05-20 06:00:00,14.3,14.3,3.2,5.4,151,88.0,1015.3,80,0.0,cloudy
2022-05-20 07:00:00,15.9,15.9,3.1,5.1,151,88.0,1014.9,71,0.0,cloudy
2022-05-20 08:00:00,17.7,17.7,3.7,5.9,164,88.0,1013.8,59,0.0,cloudy
2022-05-20 09:00:00,19.2,19.2,4.0,6.4,182,88.0,1013.1,46,0.0,cloudy
2022-05-20 10:00:00,21.0,21.0,2.6,4.7,190,88.0,1012.1,43,0.0,cloudy
2022-05-20 11:00:00,22.3,22.3,3.4,5.6,208,88.0,1011.4,37,0.0,cloudy
2022-05-20 12:00:00,23.5,22.8,4.2,7.6,226,75.0,1010.7,33,0.0,cloudy-with-sunny-intervals
2022-05-20 13:00:00,20.9,20.9,4.8,8.5,256,100.0,1011.3,41,0.0,cloudy
2022-05-20 14:00:00,20.1,20.1,2.7,5.5,259,88.0,1010.9,52,0.0,cloudy
2022-05-20 15:00:00,21.5,21.5,3.4,7.3,285,88.0,1009.9,57,0.0,cloudy
2022-05-20 16:00:00,20.7,20.7,4.6,8.4,267,88.0,1009.7,64,0.0,cloudy
2022-05-20 17:00:00,19.5,19.5,5.6,11.4,279,75.0,1010.2,66,0.0,cloudy-with-sunny-intervals
2022-05-20 18:00:00,18.1,18.1,4.3,7.6,278,38.0,1010.5,66,0.0,variable-cloudiness
2022-05-20 19:00:00,16.5,16.5,4.2,7.4,284,0.0,1010.5,66,0.0,clear
2022-05-20 20:00:00,15.0,15.0,4.1,7.9,270,0.0,1010.2,74,0.0,clear
2022-05-20 21:00:00,13.8,13.8,3.2,6.5,262,0.0,1010.1,80,0.0,clear
2022-05-20 22:00:00,12.9,12.9,3.1,5.6,252,13.0,1009.1,83,0.0,partly-cloudy
2022-05-20 23:00:00,11.7,11.7,1.9,3.4,231,13.0,1008.8,87,0.0,partly-cloudy
2022-05-21 00:00:00,10.9,10.9,1.9,2.9,239,13.0,1008.5,90,0.0,partly-cloudy
2022-05-21 01:00:00,10.1,10.1,2.2,4.3,250,25.0,1008.2,93,0.0,partly-cloudy
2022-05-21 02:00:00,9.8,9.8,0.7,1.2,314,88.0,1007.5,95,0.0,mist
2022-05-21 03:00:00,10.2,10.2,1.3,2.3,303,100.0,1007.1,94,0.0,mist
2022-05-21 04:00:00,10.5,10.5,0.9,1.6,323,100.0,1006.6,92,0.0,cloudy
2022-05-21 05:00:00,11.0,11.0,0.9,1.8,265,100.0,1006.1,89,0.0,cloudy
2022-05-21 06:00:00,11.8,11.8,0.8,1.9,154,100.0,1005.4,84,0.0,cloudy
2022-05-21 07:00:00,12.3,12.3,1.4,2.9,123,100.0,1004.6,82,0.0,cloudy
2022-05-21 08:00:00,14.4,14.4,2.1,3.6,77,75.0,1003.7,72,0.0,cloudy-with-sunny-intervals
2022-05-21 09:00:00,15.4,15.4,1.3,3.0,132,88.0,1003.2,69,0.0,cloudy
2022-05-21 10:00:00,15.6,15.6,1.0,2.0,116,88.0,1002.8,67,0.0,cloudy
2022-05-21 11:00:00,15.4,15.4,1.7,3.2,110,88.0,1002.3,69,0.0,cloudy
2022-05-21 12:00:00,14.3,14.3,2.7,4.4,183,100.0,1002.1,80,0.0,light-rain
2022-05-21 13:00:00,13.0,13.0,1.6,3.1,140,100.0,1001.9,96,2.6,rain
2022-05-21 14:00:00,13.0,13.0,1.0,1.8,25,100.0,1001.6,96,1.3,light-rain
2022-05-21 15:00:00,13.4,13.4,1.7,3.0,40,100.0,1000.9,95,0.2,light-rain
2022-05-21 16:00:00,13.1,13.1,1.7,3.2,34,100.0,1000.8,93,0.1,rain
2022-05-21 17:00:00,12.5,12.5,1.8,3.9,22,100.0,1001.2,96,4.1,heavy-rain
2022-05-21 18:00:00,12.0,12.0,1.5,3.6,319,100.0,1001.9,97,3.0,rain
2022-05-21 19:00:00,8.8,8.8,7.0,13.2,286,100.0,1003.2,97,11.5,rain
2022-05-21 20:00:00,8.5,8.5,5.4,9.4,289,100.0,1003.6,97,1.3,light-rain
2022-05-21 21:00:00,8.2,8.2,4.7,8.2,289,100.0,1003.7,97,0.0,rain
2022-05-21 22:00:00,8.0,8.0,3.8,7.1,279,100.0,1003.7,96,0.1,light-rain
2022-05-21 23:00:00,8.0,8.0,4.0,7.8,282,100.0,1003.7,95,0.2,light-rain
2022-05-22 00:00:00,7.9,7.9,4.7,7.9,291,100.0,1003.6,95,0.1,light-rain
2022-05-22 01:00:00,7.9,7.9,4.1,6.9,285,100.0,1003.5,96,0.0,light-rain
2022-05-22 02:00:00,8.0,8.0,3.2,5.8,301,100.0,1003.5,96,0.2,light-rain
2022-05-22 03:00:00,8.1,8.1,3.4,5.9,299,100.0,1003.6,95,0.2,light-rain
2022-05-22 04:00:00,8.1,8.1,3.1,6.1,303,100.0,1003.9,96,0.3,light-rain
2022-05-22 05:00:00,8.4,8.4,2.4,4.6,318,100.0,1004.4,97,0.0,light-rain
2022-05-22 06:00:00,8.8,8.8,2.2,4.0,317,100.0,1004.7,97,0.0,rain
2022-05-22 07:00:00,9.8,9.8,1.3,2.7,329,100.0,1005.0,94,0.0,cloudy
2022-05-22 08:00:00,9.7,9.7,2.0,3.8,33,100.0,1005.6,93,0.0,cloudy
2022-05-22 09:00:00,10.2,10.2,1.8,3.8,45,100.0,1006.5,89,0.0,cloudy
2022-05-22 10:00:00,11.4,11.4,1.7,3.5,25,88.0,1006.9,83,0.0,cloudy
2022-05-22 11:00:00,13.3,13.3,2.3,4.5,41,88.0,1006.8,71,0.0,cloudy
2022-05-22 12:00:00,15.3,15.3,2.3,4.0,34,63.0,1006.9,59,0.0,cloudy-with-sunny-intervals
2022-05-22 13:00:00,15.2,15.2,1.5,2.9,330,88.0,1007.1,55,0.0,cloudy
2022-05-22 14:00:00,15.5,15.5,1.1,2.5,20,88.0,1007.1,50,0.0,cloudy
2022-05-22 15:00:00,15.6,15.6,1.5,3.3,347,88.0,1007.4,48,0.0,cloudy
2022-05-22 16:00:00,15.6,15.6,1.8,3.8,336,100.0,1007.6,45,0.0,cloudy
2022-05-22 17:00:00,15.6,15.6,1.7,2.7,314,88.0,1007.9,46,0.0,cloudy
2022-05-22 18:00:00,14.0,14.0,1.2,2.4,358,88.0,1008.5,56,0.0,cloudy
2022-05-22 19:00:00,12.6,12.6,1.1,2.3,1,88.0,1009.1,58,0.0,cloudy
2022-05-22 20:00:00,11.1,11.1,0.9,1.4,327,88.0,1009.5,64,0.0,cloudy
2022-05-22 21:00:00,9.3,9.3,1.4,2.3,329,88.0,1010.0,72,0.0,cloudy
2022-05-22 22:00:00,7.7,7.7,1.3,1.7,329,88.0,1010.5,81,0.0,cloudy
2022-05-22 23:00:00,7.1,7.1,1.5,2.2,313,88.0,1010.9,86,0.0,cloudy
2022-05-23 00:00:00,6.8,6.8,1.1,1.8,330,88.0,1011.3,89,0.0,cloudy
2022-05-23 01:00:00,6.1,6.1,1.3,2.1,341,88.0,1011.5,93,0.0,cloudy
2022-05-23 02:00:00,6.1,6.1,0.7,1.2,338,100.0,1011.8,94,0.0,cloudy
2022-05-23 03:00:00,5.8,5.8,0.8,1.2,332,100.0,1012.0,95,0.0,cloudy
2022-05-23 04:00:00,7.6,7.6,0.8,2.0,354,25.0,1012.2,86,0.0,partly-cloudy
2022-05-23 05:00:00,10.2,10.2,0.7,1.5,337,75.0,1012.2,71,0.0,cloudy-with-sunny-intervals
2022-05-23 06:00:00,12.7,12.7,0.7,1.3,210,0.0,1012.3,48,0.0,clear
2022-05-23 07:00:00,14.8,14.8,1.1,2.6,34,0.0,1012.3,34,0.0,clear
2022-05-23 08:00:00,15.4,15.4,2.7,5.2,358,0.0,1012.2,35,0.0,clear
2022-05-23 09:00:00,16.3,16.3,2.4,6.0,331,0.0,1012.3,33,0.0,clear
2022-05-23 10:00:00,16.7,16.7,2.4,6.4,339,0.0,1012.2,32,0.0,clear
2022-05-23 11:00:00,17.3,17.3,2.5,5.7,15,0.0,1012.1,29,0.0,clear
2022-05-23 12:00:00,17.7,17.7,1.9,4.1,358,0.0,1012.0,29,0.0,clear
2022-05-23 13:00:00,18.0,18.0,2.6,6.1,320,0.0,1011.7,30,0.0,clear
2022-05-23 14:00:00,18.3,18.3,2.6,5.4,320,0.0,1011.6,29,0.0,clear
2022-05-23 15:00:00,18.2,18.2,2.2,5.0,323,0.0,1011.4,29,0.0,clear
2022-05-23 16:00:00,17.5,17.5,2.5,4.7,1,0.0,1011.4,28,0.0,clear
2022-05-23 17:00:00,16.9,16.9,1.8,4.5,353,0.0,1011.7,28,0.0,clear
2022-05-23 18:00:00,15.4,15.4,1.1,2.1,353,0.0,1011.9,32,0.0,clear
2022-05-23 19:00:00,13.0,13.0,1.2,2.3,356,0.0,1012.7,40,0.0,clear
2022-05-23 20:00:00,11.5,11.5,1.1,1.7,11,0.0,1013.0,48,0.0,clear
2022-05-23 21:00:00,8.8,8.8,0.5,0.9,81,0.0,1013.4,65,0.0,clear
2022-05-23 22:00:00,7.5,7.5,0.4,1.0,72,0.0,1013.6,71,0.0,clear
2022-05-23 23:00:00,6.5,6.5,0.4,1.0,17,0.0,1013.7,78,0.0,clear
2022-05-24 00:00:00,5.5,5.5,0.6,0.8,145,0.0,1014.0,85,0.0,clear
2022-05-24 01:00:00,5.0,5.0,0.5,0.8,68,0.0,1014.3,88,0.0,clear
2022-05-24 02:00:00,4.1,4.1,0.5,1.0,131,0.0,1014.6,91,0.0,clear
2022-05-24 03:00:00,4.4,4.4,0.7,1.0,106,0.0,1014.6,90,0.0,clear
2022-05-24 04:00:00,9.4,9.4,0.7,1.5,116,0.0,1014.6,69,0.0,clear
2022-05-24 05:00:00,12.4,12.4,1.1,2.0,138,0.0,1014.4,59,0.0,clear
2022-05-24 06:00:00,14.8,14.8,2.0,3.4,161,0.0,1014.4,49,0.0,clear
2022-05-24 07:00:00,16.5,16.5,2.7,4.9,160,0.0,1014.3,42,0.0,clear
2022-05-24 08:00:00,18.2,18.2,3.5,5.9,108,0.0,1014.0,36,0.0,clear
2022-05-24 09:00:00,18.9,18.9,3.1,6.0,111,0.0,1013.6,36,0.0,clear
2022-05-24 10:00:00,19.6,19.6,2.5,5.0,127,0.0,1013.1,34,0.0,clear
2022-05-24 11:00:00,20.3,20.3,1.7,4.8,159,13.0,1012.8,35,0.0,partly-cloudy
2022-05-24 12:00:00,21.0,21.0,2.6,5.5,136,0.0,1012.7,32,0.0,clear
2022-05-24 13:00:00,21.5,21.5,2.8,6.1,151,0.0,1012.3,29,0.0,clear
2022-05-24 14:00:00,21.4,21.4,2.8,5.6,157,0.0,1012.0,30,0.0,clear
2022-05-24 15:00:00,21.3,21.3,3.6,6.1,163,0.0,1011.9,29,0.0,clear
2022-05-24 16:00:00,20.8,20.8,2.5,4.2,183,0.0,1011.9,29,0.0,clear
2022-05-24 17:00:00,20.0,20.0,2.2,3.6,154,0.0,1012.1,32,0.0,clear
2022-05-24 18:00:00,18.2,18.2,1.7,2.6,158,0.0,1012.4,38,0.0,clear
2022-05-24 19:00:00,15.2,15.2,1.5,2.0,154,0.0,1013.1,51,0.0,clear
2022-05-24 20:00:00,13.5,13.5,1.5,2.0,110,0.0,1013.4,53,0.0,clear
2022-05-24 21:00:00,12.7,12.7,1.5,2.4,120,0.0,1013.7,55,0.0,clear
2022-05-24 22:00:00,11.7,11.7,1.7,2.6,118,0.0,1013.8,61,0.0,clear
2022-05-24 23:00:00,11.4,11.4,2.3,3.2,127,0.0,1013.9,62,0.0,clear
2022-05-25 00:00:00,9.8,9.8,1.7,2.4,117,0.0,1014.0,68,0.0,clear
2022-05-25 01:00:00,9.9,9.9,2.2,3.4,130,0.0,1014.0,66,0.0,clear
2022-05-25 02:00:00,8.7,8.7,1.4,2.0,145,0.0,1014.2,73,0.0,clear
2022-05-25 03:00:00,9.8,9.8,2.5,3.9,126,0.0,1014.1,68,0.0,clear
2022-05-25 04:00:00,12.1,12.1,2.1,3.9,147,0.0,1014.0,64,0.0,clear
2022-05-25 05:00:00,14.4,14.4,2.4,4.4,161,88.0,1013.9,58,0.0,cloudy
2022-05-25 06:00:00,16.0,16.0,2.7,4.7,187,88.0,1014.0,51,0.0,cloudy
2022-05-25 07:00:00,16.6,16.6,2.6,4.5,193,100.0,1014.0,50,0.0,cloudy
2022-05-25 08:00:00,17.5,17.5,1.7,3.0,186,100.0,1013.8,51,0.0,cloudy
2022-05-25 09:00:00,18.5,18.5,1.5,2.7,145,88.0,1013.5,51,0.0,cloudy
2022-05-25 10:00:00,20.0,20.0,2.4,5.1,143,88.0,1013.0,47,0.0,cloudy
2022-05-25 11:00:00,20.8,20.8,4.3,7.2,159,88.0,1012.3,39,0.0,cloudy
2022-05-25 12:00:00,21.9,21.9,4.9,8.8,157,38.0,1011.6,39,0.0,variable-cloudiness
2022-05-25 13:00:00,20.9,20.9,4.6,8.5,166,88.0,1011.3,41,0.0,cloudy
2022-05-25 14:00:00,20.8,20.8,4.0,7.6,173,25.0,1010.8,43,0.0,partly-cloudy
2022-05-25 15:00:00,20.3,20.3,3.4,6.0,187,88.0,1010.6,43,0.0,cloudy
2022-05-25 16:00:00,19.7,19.7,2.8,4.9,155,100.0,1010.3,46,0.0,cloudy
2022-05-25 17:00:00,19.1,19.1,2.3,3.5,143,88.0,1009.9,50,0.0,cloudy
2022-05-25 18:00:00,18.5,18.5,1.9,3.2,130,100.0,1009.6,49,0.0,cloudy
2022-05-25 19:00:00,16.8,16.8,2.8,5.4,305,100.0,1010.0,74,0.0,cloudy
2022-05-25 20:00:00,15.4,15.4,2.5,5.0,308,100.0,1010.1,86,0.0,light-rain
2022-05-25 21:00:00,13.0,13.0,3.6,7.3,290,100.0,1010.0,94,1.9,rain
2022-05-25 22:00:00,11.4,11.4,4.5,8.0,312,100.0,1010.0,96,2.7,rain
2022-05-25 23:00:00,10.8,10.8,2.8,5.9,326,88.0,1010.2,97,3.5,rain
2022-05-26 00:00:00,10.0,10.0,3.0,6.0,308,100.0,1010.3,97,3.1,light-rain
2022-05-26 01:00:00,9.9,9.9,2.3,4.3,307,100.0,1010.3,97,1.5,light-rain
2022-05-26 02:00:00,9.8,9.8,4.0,7.8,305,100.0,1010.5,97,0.8,light-rain
2022-05-26 03:00:00,9.7,9.7,3.7,7.1,297,88.0,1010.5,95,0.1,rain
2022-05-26 04:00:00,9.8,9.8,2.2,5.4,300,88.0,1010.7,94,0.0,cloudy
2022-05-26 05:00:00,10.4,10.4,3.0,5.2,269,88.0,1010.7,89,0.0,cloudy
2022-05-26 06:00:00,11.8,11.8,4.0,7.3,280,50.0,1010.5,80,0.0,variable-cloudiness
2022-05-26 07:00:00,13.5,13.5,5.1,9.9,275,13.0,1010.3,71,0.0,partly-cloudy
2022-05-26 08:00:00,14.2,14.2,3.6,7.3,285,50.0,1009.9,69,0.0,variable-cloudiness
2022-05-26 09:00:00,14.7,14.7,4.7,9.0,278,75.0,1009.9,64,0.0,cloudy-with-sunny-intervals
2022-05-26 10:00:00,16.5,16.5,5.9,11.4,258,50.0,1009.5,52,0.0,variable-cloudiness
2022-05-26 11:00:00,17.4,17.4,4.2,8.4,259,88.0,1009.0,51,0.0,cloudy
2022-05-26 12:00:00,13.6,13.6,3.3,6.1,266,88.0,1009.3,80,1.8,light-rain
2022-05-26 13:00:00,15.7,15.7,1.4,2.6,284,50.0,1007.9,73,0.3,rain-showers
2022-05-26 14:00:00,11.7,11.7,4.3,8.7,253,100.0,1008.4,91,3.0,rain
2022-05-26 15:00:00,12.8,12.8,4.3,8.9,270,88.0,1007.8,83,0.1,heavy-rain
2022-05-26 16:00:00,13.4,13.4,4.3,8.3,268,75.0,1007.9,78,0.0,cloudy-with-sunny-intervals
2022-05-26 17:00:00,11.7,11.7,3.2,6.6,255,88.0,1007.8,83,0.2,rain
2022-05-26 18:00:00,11.9,11.9,2.9,5.7,244,50.0,1007.9,80,0.0,variable-cloudiness
2022-05-26 19:00:00,10.8,10.8,3.0,5.4,245,13.0,1008.2,84,0.0,partly-cloudy
2022-05-26 20:00:00,10.6,10.6,4.2,7.5,265,38.0,1008.5,75,0.0,variable-cloudiness
2022-05-26 21:00:00,10.4,10.4,4.1,6.8,250,75.0,1008.6,76,0.0,cloudy-with-sunny-intervals
2022-05-26 22:00:00,10.2,10.2,4.1,8.3,256,75.0,1008.7,76,0.0,cloudy-with-sunny-intervals
2022-05-26 23:00:00,9.6,9.6,5.3,10.1,259,13.0,1008.4,76,0.0,partly-cloudy
2022-05-27 00:00:00,9.1,9.1,4.3,8.4,255,0.0,1008.1,78,0.0,clear
2022-05-27 01:00:00,8.9,8.9,4.3,9.2,252,0.0,1007.9,81,0.0,clear
2022-05-27 02:00:00,9.2,9.2,4.3,8.3,245,63.0,1007.4,80,0.0,cloudy-with-sunny-intervals
2022-05-27 03:00:00,8.9,8.9,4.4,8.3,253,0.0,1007.5,81,0.0,clear
2022-05-27 04:00:00,9.7,9.7,4.5,8.3,251,0.0,1007.6,78,0.0,clear
2022-05-27 05:00:00,10.6,10.6,5.1,10.2,264,38.0,1007.4,75,0.0,variable-cloudiness
2022-05-27 06:00:00,11.5,11.5,4.6,9.7,264,88.0,1007.0,69,0.0,cloudy
2022-05-27 07:00:00,12.2,12.2,5.3,10.5,243,63.0,1006.5,66,0.0,cloudy-with-sunny-intervals
2022-05-27 08:00:00,12.6,12.6,5.5,10.0,252,75.0,1006.1,58,0.0,cloudy-with-sunny-intervals
2022-05-27 09:00:00,12.9,12.9,3.4,7.7,248,88.0,1005.4,58,0.0,cloudy
2022-05-27 10:00:00,13.5,13.5,4.8,9.5,234,88.0,1005.0,56,0.0,cloudy
2022-05-27 11:00:00,14.3,14.3,4.5,8.2,233,88.0,1004.1,55,0.0,cloudy
2022-05-27 12:00:00,14.7,14.7,4.5,8.3,226,50.0,1003.2,59,0.0,variable-cloudiness
2022-05-27 13:00:00,12.1,12.1,3.5,7.3,280,88.0,1003.1,78,0.3,light-rain
2022-05-27 14:00:00,9.8,9.8,3.7,7.0,269,100.0,1003.4,93,2.2,rain
2022-05-27 15:00:00,11.5,11.5,4.0,7.7,260,38.0,1003.0,82,0.9,rain-showers
2022-05-27 16:00:00,10.7,10.7,5.3,10.3,276,75.0,1003.5,78,0.1,rain-at-times
2022-05-27 17:00:00,10.2,10.2,4.0,7.5,279,88.0,1003.2,76,0.0,cloudy
2022-05-27 18:00:00,9.7,9.7,6.3,11.8,274,100.0,1003.8,76,0.1,light-rain
2022-05-27 19:00:00,7.9,7.9,2.4,4.7,259,13.0,1004.1,85,0.0,rain-showers
2022-05-27 20:00:00,7.8,7.8,1.9,3.8,231,0.0,1004.3,85,0.0,clear
2022-05-27 21:00:00,7.0,7.0,1.7,2.7,211,0.0,1004.4,87,0.0,clear
2022-05-27 22:00:00,6.9,6.9,1.8,3.9,232,0.0,1004.1,84,0.0,clear
2022-05-27 23:00:00,6.6,6.6,2.2,4.5,227,0.0,1004.0,84,0.0,clear
2022-05-28 00:00:00,6.5,6.5,2.2,4.3,236,0.0,1003.8,83,0.0,clear
2022-05-28 01:00:00,6.6,6.6,2.9,5.3,255,0.0,1003.4,82,0.0,clear
2022-05-28 02:00:00,6.1,6.1,2.6,4.8,231,0.0,1003.4,86,0.0,clear
2022-05-28 03:00:00,6.2,6.2,1.9,4.0,228,25.0,1003.3,88,0.0,partly-cloudy
2022-05-28 04:00:00,7.6,7.6,3.0,5.9,221,88.0,1003.2,84,0.0,cloudy
2022-05-28 05:00:00,9.0,9.0,3.5,8.2,236,38.0,1003.2,78,0.0,variable-cloudiness
2022-05-28 06:00:00,9.7,9.7,4.2,7.5,252,63.0,1003.5,73,0.0,cloudy-with-sunny-intervals
2022-05-28 07:00:00,9.4,9.4,3.7,7.0,245,88.0,1003.6,74,0.0,light-rain
2022-05-28 08:00:00,11.4,11.4,5.3,8.2,258,50.0,1003.2,60,0.0,rain-showers
2022-05-28 09:00:00,6.3,6.3,1.6,2.7,221,88.0,1004.4,91,4.4,light-rain
2022-05-28 10:00:00,11.1,11.1,3.6,7.9,201,75.0,1003.9,74,0.2,rain-at-times
2022-05-28 11:00:00,11.2,11.2,5.0,10.7,223,88.0,1004.4,59,0.0,rain
2022-05-28 12:00:00,10.8,10.8,2.7,6.5,207,88.0,1004.3,68,0.0,light-rain
2022-05-28 13:00:00,8.6,8.6,3.3,5.1,212,88.0,1005.1,72,0.0,light-rain
2022-05-28 14:00:00,11.2,11.2,4.4,7.6,213,50.0,1005.2,62,0.0,rain-showers
2022-05-28 15:00:00,9.9,9.9,4.2,6.9,194,75.0,1005.3,76,0.4,rain-at-times
2022-05-28 16:00:00,10.8,10.8,3.8,5.7,211,75.0,1005.5,64,0.0,cloudy-with-sunny-intervals
2022-05-28 17:00:00,10.1,10.1,2.9,5.0,199,38.0,1005.7,70,0.0,variable-cloudiness
2022-05-28 18:00:00,9.4,9.4,2.3,3.6,184,25.0,1006.0,76,0.0,partly-cloudy
2022-05-28 19:00:00,7.6,7.6,2.2,3.1,186,0.0,1006.5,80,0.0,clear
2022-05-28 20:00:00,6.6,6.6,1.9,2.6,197,0.0,1006.8,86,0.0,clear
2022-05-28 21:00:00,5.8,5.8,1.5,2.0,174,0.0,1007.1,89,0.0,clear
2022-05-28 22:00:00,5.8,5.8,2.4,4.0,214,0.0,1007.2,91,0.0,clear
2022-05-28 23:00:00,5.1,5.1,1.7,2.8,197,0.0,1007.3,94,0.0,clear
2022-05-29 00:00:00,3.9,2.1,2.0,2.9,141,0.0,1007.4,96,0.0,clear
2022-05-29 01:00:00,3.6,1.5,2.2,3.1,149,0.0,1007.6,96,0.0,clear
2022-05-29 02:00:00,4.0,1.9,2.3,3.4,169,88.0,1007.8,97,0.0,cloudy
2022-05-29 03:00:00,4.7,2.5,2.5,3.9,169,,1008.0,98,0.0,fog
2022-05-29 04:00:00,5.5,5.5,2.7,4.5,167,,1008.4,98,0.0,fog
2022-05-29 05:00:00,6.4,6.4,2.3,5.0,186,,1008.5,98,0.0,fog
2022-05-29 06:00:00,7.6,7.6,2.8,4.2,194,100.0,1008.8,98,0.0,fog
2022-05-29 07:00:00,8.8,8.8,3.4,5.1,198,100.0,1009.1,91,0.0,cloudy
2022-05-29 08:00:00,10.0,10.0,2.5,4.5,212,100.0,1009.5,87,0.0,rain
2022-05-29 09:00:00,12.1,12.1,3.9,6.6,200,88.0,1009.6,73,0.0,cloudy
2022-05-29 10:00:00,13.3,13.3,3.4,6.0,193,88.0,1009.6,67,0.0,cloudy
2022-05-29 11:00:00,13.5,13.5,3.4,6.8,172,88.0,1009.6,70,0.0,cloudy
2022-05-29 12:00:00,12.8,12.8,3.9,7.4,192,88.0,1010.2,79,0.4,heavy-rain
2022-05-29 13:00:00,12.7,12.7,2.2,5.0,265,88.0,1010.5,81,0.1,light-rain
2022-05-29 14:00:00,9.8,9.8,1.4,3.6,230,88.0,1011.3,91,2.1,light-rain
2022-05-29 15:00:00,12.7,12.7,2.7,4.5,191,88.0,1011.5,83,0.3,heavy-rain
2022-05-29 16:00:00,13.2,13.2,2.6,4.1,188,88.0,1011.8,80,0.0,cloudy
2022-05-29 17:00:00,11.4,11.4,0.6,1.3,245,100.0,1012.3,88,1.2,light-rain
2022-05-29 18:00:00,11.1,11.1,1.4,2.2,209,0.0,1012.9,93,0.0,rain-showers
2022-05-29 19:00:00,11.1,11.1,1.5,2.4,206,100.0,1013.3,90,0.0,cloudy
2022-05-29 20:00:00,10.4,10.4,0.5,0.7,348,100.0,1013.7,94,0.0,cloudy
2022-05-29 21:00:00,10.0,10.0,1.1,1.5,188,88.0,1014.0,96,0.0,cloudy
2022-05-29 22:00:00,9.4,9.4,1.1,1.5,121,38.0,1014.1,96,0.0,variable-cloudiness
2022-05-29 23:00:00,9.1,9.1,1.1,1.7,138,88.0,1014.4,97,0.0,mist
2022-05-30 00:00:00,8.5,8.5,1.3,2.6,118,88.0,1014.4,97,0.0,fog
2022-05-30 01:00:00,7.9,7.9,1.5,2.4,116,50.0,1014.4,98,0.0,fog
2022-05-30 02:00:00,8.2,8.2,1.4,2.7,104,88.0,1014.1,98,0.0,mist
2022-05-30 03:00:00,8.1,8.1,1.4,3.2,114,88.0,1014.0,98,0.0,mist
2022-05-30 04:00:00,9.0,9.0,0.9,2.0,94,100.0,1014.1,97,0.0,cloudy
2022-05-30 05:00:00,10.3,10.3,1.3,2.3,65,88.0,1013.7,93,0.0,cloudy
2022-05-30 06:00:00,12.3,12.3,2.0,4.0,78,88.0,1013.5,83,0.0,cloudy
2022-05-30 07:00:00,12.6,12.6,4.4,8.3,143,100.0,1013.5,77,0.0,light-rain
2022-05-30 08:00:00,12.6,12.6,2.1,4.4,140,100.0,1013.0,80,0.0,light-rain
2022-05-30 09:00:00,11.7,11.7,2.3,5.9,108,100.0,1013.0,84,0.5,rain
2022-05-30 10:00:00,10.6,10.6,2.6,5.7,32,100.0,1011.9,93,1.8,rain
2022-05-30 11:00:00,10.5,10.5,2.7,6.3,59,100.0,1011.0,96,3.1,rain
2022-05-30 12:00:00,10.6,10.6,4.1,10.0,67,100.0,1009.6,95,2.0,rain
2022-05-30 13:00:00,10.8,10.8,4.0,9.1,73,100.0,1008.0,95,1.2,rain
2022-05-30 14:00:00,11.0,11.0,3.5,7.4,96,100.0,1007.0,96,2.6,rain
2022-05-30 15:00:00,11.1,11.1,3.7,8.1,107,100.0,1006.0,96,1.5,light-rain
2022-05-30 16:00:00,11.3,11.3,4.5,8.4,123,100.0,1005.4,96,1.6,rain
2022-05-30 17:00:00,12.0,12.0,5.2,8.4,164,100.0,1005.4,93,0.0,rain
2022-05-30 18:00:00,11.2,11.2,5.2,10.0,179,100.0,1005.8,93,0.2,light-rain
2022-05-30 19:00:00,9.8,9.8,6.1,10.8,189,100.0,1007.0,91,0.0,light-rain
2022-05-30 20:00:00,9.3,9.3,6.2,12.2,210,100.0,1008.1,93,0.0,light-rain
2022-05-30 21:00:00,9.3,9.3,5.3,9.4,209,100.0,1008.9,91,0.2,rain
2022-05-30 22:00:00,8.9,8.9,5.4,9.9,213,100.0,1009.9,90,0.2,rain
2022-05-30 23:00:00,8.6,8.6,4.1,8.2,218,88.0,1010.7,88,0.0,cloudy
2022-05-31 00:00:00,8.8,8.8,3.6,6.4,212,100.0,1011.5,89,0.0,cloudy
2022-05-31 01:00:00,8.8,8.8,5.0,8.1,206,88.0,1012.3,89,0.0,cloudy
2022-05-31 02:00:00,8.4,8.4,4.3,6.6,207,25.0,1012.8,92,0.0,partly-cloudy
2022-05-31 03:00:00,8.7,8.7,3.6,6.5,209,88.0,1013.3,93,0.0,cloudy
2022-05-31 04:00:00,9.5,9.5,3.9,7.4,209,88.0,1013.9,89,0.0,cloudy
2022-05-31 05:00:00,9.4,9.4,4.0,7.1,209,100.0,1014.7,88,0.0,cloudy
2022-05-31 06:00:00,9.6,9.6,3.4,6.4,212,100.0,1015.4,87,0.0,cloudy
2022-05-31 07:00:00,10.7,10.7,3.8,6.7,218,100.0,1015.9,81,0.0,cloudy
2022-05-31 08:00:00,12.2,12.2,3.7,7.5,214,88.0,1016.4,74,0.0,cloudy
2022-05-31 09:00:00,13.2,13.2,4.8,8.4,207,88.0,1016.9,68,0.0,cloudy
2022-05-31 10:00:00,15.1,15.1,4.1,7.4,221,63.0,1017.0,60,0.0,cloudy-with-sunny-intervals
2022-05-31 11:00:00,16.1,16.1,5.3,9.2,220,38.0,1017.3,52,0.0,variable-cloudiness
2022-05-31 12:00:00,17.1,17.1,4.3,7.9,231,25.0,1017.4,48,0.0,partly-cloudy
2022-05-31 13:00:00,17.5,17.5,4.6,8.4,214,50.0,1017.4,46,0.0,variable-cloudiness
2022-05-31 14:00:00,17.5,17.5,2.9,7.2,218,75.0,1017.4,46,0.0,cloudy-with-sunny-intervals
2022-05-31 15:00:00,18.0,18.0,1.6,3.8,294,63.0,1017.3,48,0.0,cloudy-with-sunny-intervals
2022-05-31 16:00:00,16.3,16.3,2.3,3.7,146,88.0,1017.5,57,0.0,cloudy
2022-05-31 17:00:00,14.5,14.5,1.5,2.8,326,88.0,1018.0,62,0.1,light-rain
2022-05-31 18:00:00,14.5,14.5,1.1,1.7,49,38.0,1018.1,67,0.0,rain-showers
2022-05-31 19:00:00,12.7,12.7,1.2,2.1,63,0.0,1018.5,75,0.0,clear
2022-05-31 20:00:00,10.3,10.3,0.8,1.6,97,0.0,1019.0,89,0.0,clear
2022-05-31 21:00:00,10.1,10.1,1.0,1.5,100,13.0,1019.1,86,0.0,partly-cloudy
2022-05-31 22:00:00,10.1,10.1,1.5,2.8,122,88.0,1019.5,86,0.0,cloudy
2022-05-31 23:00:00,9.7,9.7,2.0,3.7,124,0.0,1019.5,85,0.0,clear
